Total time 356.3ms

(2 val) Exercise 1 - One agent, No limits
Init: [30] - Goal: [56]
Time: 0.0ms
Path: [[[], [30]], [[2], [13]], [[2], [40]], [[2], [56]]]

(4 val) Exercise 2 - One agent, Limits
Init: [30] - Goal: [56]
Time: 0.0ms
Path: [[[], [30]], [[2], [13]], [[2], [40]], [[0], [55]], [[0], [56]]]

(6 val) Exercise 3 - Three agents, No limits (test 1)
Init: [1,3,7] - Goal: [2,21,9]
final3: [[[], [1, 3, 7]], [[0, 0, 0], [2, 8, 6]], [[0, 0, 1], [1, 7, 8]], [[0, 0, 0], [2, 21, 9]]]
Time: 0.0ms
Path: [[[], [1, 3, 7]], [[0, 0, 0], [2, 8, 6]], [[0, 0, 1], [1, 7, 8]], [[0, 0, 0], [2, 21, 9]]]

(6 val) Exercise 3 - Three agents, No limits (test 2)
Init: [30,40,109] - Goal: [61,60,71]
final3: [[[], [30, 40, 109]], [[2, 0, 0], [69, 41, 97]], [[2, 0, 1], [60, 42, 72]], [[0, 1, 0], [61, 60, 71]]]
Time: 0.1ms
Path: [[[], [30, 40, 109]], [[2, 0, 0], [69, 41, 97]], [[2, 0, 1], [60, 42, 72]], [[0, 1, 0], [61, 60, 71]]]

(4 val) Exercise 4 - Three agents, Limits
Init: [30,40,109] - Goal: [63,61,70]
exp: 11
Time: 0.0ms
Path: [[[], [30, 40, 109]], [[0, 2, 1], [46, 72, 84]], [[0, 2, 1], [45, 60, 63]], [[1, 0, 0], [63, 61, 70]]]

(4 val) Exercise 5 - Three agents, Limits, Any-Order
Init: [30,40,109] - Goal: [61,60,71]
exp: 11
Time: 0.1ms
Path: [[[], [30, 40, 109]], [[0, 2, 1], [46, 72, 84]], [[0, 2, 1], [45, 60, 63]], [[1, 0, 0], [63, 61, 70]]]
Total time is 356.8ms

 ENTERING CUSTOM TESTS...

(4 val) Exercise 4 - Three agents, Limits (test 1)
Init [2,10,70] - Goal [113, 110, 2]
exp: 7
Time: 0.0ms
Path: [[[], [2, 10, 70]], [[0, 0, 0], [1, 9, 63]], [[0, 0, 0], [6, 8, 69]], [[0, 0, 2], [5, 21, 30]], [[0, 0, 2], [57, 40, 13]], [[0, 2, 2], [56, 72, 8]], [[1, 1, 0], [92, 97, 3]], [[1, 0, 0], [113, 110, 2]]]

(4 val) Exercise 5 - Three agents, Limits, Any-Order (test 1)
Init [2, 10, 70] - Goal [113, 110, 2]
exp: 6
Time: 0.0ms
Path: [[[], [2, 10, 70]], [[0, 0, 0], [1, 9, 62]], [[0, 0, 0], [6, 4, 61]], [[0, 0, 0], [5, 3, 60]], [[1, 0, 0], [56, 2, 83]], [[1, 0, 1], [92, 1, 97]], [[1, 0, 0], [113, 2, 110]]]

(4 val) Exercise 4 - Three agents, Limits (test 2)
Init [34, 111, 48] - Goal [39, 32, 60]
exp: 6
Time: 0.0ms
Path: [[[], [34, 111, 48]], [[0, 1, 0], [35, 97, 33]], [[0, 0, 0], [30, 109, 32]], [[2, 2, 0], [13, 69, 18]], [[2, 2, 0], [8, 30, 17]], [[0, 0, 0], [7, 35, 30]], [[0, 0, 2], [39, 32, 60]]]

(4 val) Exercise 5 - Three agents, Limits, Any-Order (test 2)
Init [34, 111, 48] - Goal [39, 32, 60]
exp: 4
Time: 0.0ms
Path: [[[], [34, 111, 48]], [[0, 1, 0], [33, 97, 47]], [[0, 1, 0], [32, 72, 35]], [[0, 1, 0], [18, 55, 30]], [[0, 0, 2], [32, 39, 60]]]

(4 val) Exercise 4 - Three agents, Limits (test 3)
Init [57, 38, 112] - Goal [16, 108, 70]
exp: 6
Time: 0.0ms
Path: [[[], [57, 38, 112]], [[0, 0, 0], [56, 20, 95]], [[2, 0, 1], [72, 40, 111]], [[2, 2, 1], [60, 72, 97]], [[2, 2, 1], [30, 109, 83]], [[0, 0, 0], [17, 98, 84]], [[0, 0, 0], [16, 108, 70]]]

(4 val) Exercise 5 - Three agents, Limits, Any-Order (test3)
Init [57, 38, 112] - Goal [16, 108, 70]
exp: 6
Time: 0.0ms
Path: [[[], [57, 38, 112]], [[0, 0, 0], [56, 40, 111]], [[2, 2, 1], [72, 13, 97]], [[2, 2, 1], [109, 30, 83]], [[0, 0, 0], [98, 17, 84]], [[0, 0, 0], [108, 16, 70]]]
Total time 357.4ms
